301	0.2206
302	0.7692
303	0.1939
304	0.2761
305	0.0448
306	0.6664
307	0.4434
308	0.727
309	0.0
310	0.3176
311	0.6508
312	0.9238
313	1.0
314	0.0
315	0.0428
316	0.7997
317	0.7027
318	0.2608
319	0.0687
320	0.0775
321	0.8526
322	0.0
323	0.5766
324	0.7724
325	0.0663
326	0.8612
327	0.0624
328	0.8198
329	0.317
330	0.3011
331	0.8126
332	0.142
333	0.8361
334	0.5009
335	0.7031
336	0.1964
337	0.47
338	0.5585
339	0.6076
340	0.2672
341	0.676
342	0.0323
343	0.0
344	0.0
345	0.2094
346	0.0794
347	0.0832
348	0.9068
349	0.7362
350	0.2664
351	0.9261
352	0.6322
353	0.3923
354	0.299
355	0.2299
356	0.0426
357	0.5154
358	0.3025
359	0.0355
360	0.674
361	0.596
362	0.2501
363	0.203
364	0.6681
365	0.7831
366	0.6237
367	0.2537
368	0.9331
369	0.4667
370	0.0783
371	0.0
372	0.2672
373	0.589
374	0.4914
375	0.5495
376	0.0612
377	0.5454
378	0.0364
379	0.0634
380	0.0
381	0.1848
382	0.5563
383	0.2003
384	0.4043
385	0.6727
386	0.0409
387	0.3095
388	0.1244
389	0.1166
390	0.713
391	0.4124
392	0.7839
393	0.3053
394	0.0371
395	0.3475
396	0.8587
397	0.5441
398	0.0913
399	0.2578
400	0.774
401	0.1793
402	0.4835
403	0.7299
404	0.2005
405	0.2062
406	0.3128
407	0.7037
408	0.3581
409	0.2197
410	0.9269
411	0.4324
412	0.5028
413	0.3213
414	0.391
415	0.8066
416	0.524
417	0.688
418	0.5945
419	0.203
420	0.7272
421	0.106
422	0.3973
423	0.7766
424	0.1199
425	0.8382
426	0.3011
427	0.4729
428	0.4116
429	0.4569
430	0.7857
431	0.8591
432	0.0
433	0.2984
434	0.8608
435	0.3275
436	0.33
437	0.103
438	0.0323
439	0.1402
440	0.196
441	0.5551
442	0.096
443	0.3875
444	0.8857
445	0.5535
446	0.5765
447	0.316
448	0.0835
449	0.1615
450	0.7036
601	0.5308
602	0.1537
603	0.4569
604	0.9027
605	0.0
606	0.533
607	0.3914
608	0.094
609	0.513
610	0.0
611	0.3026
612	0.4758
613	0.2271
614	0.274
615	0.1525
616	0.7236
617	0.3757
618	0.1662
619	0.5683
620	0.0734
621	0.6321
622	0.0448
623	0.5806
624	0.3343
625	0.0695
626	0.0
627	0.071
628	0.0501
629	0.2131
630	0.7908
631	0.2169
632	0.4711
633	0.7592
634	0.83
635	0.6304
636	0.4188
637	0.4682
638	0.0416
639	0.2713
640	0.3964
641	0.4243
642	0.1827
643	0.4065
644	0.1455
645	0.7708
646	0.0689
647	0.4372
648	0.6975
649	0.8647
650	0.0
651	0.1042
652	0.7214
653	0.5194
654	0.7545
655	0.0734
656	0.7074
657	0.6335
658	0.3565
659	0.0
660	0.6769
661	0.6142
662	0.8238
663	0.4679
664	0.6925
665	0.2088
666	0.0
667	0.6237
668	0.0
669	0.1406
670	0.2451
671	0.4567
673	0.4175
674	0.2004
675	0.3719
676	0.2588
677	0.9748
678	0.2803
679	0.9397
680	0.1255
681	0.6143
682	0.3973
683	0.3084
684	0.2147
685	0.2512
686	0.4001
687	0.3138
688	0.4063
689	0.0
690	0.0
691	0.431
692	0.5109
693	0.3969
694	0.6976
695	0.6092
696	0.5359
697	0.3176
698	0.6242
699	0.7202
700	0.2828
