301	0.0115
302	0.4882
303	0.1848
304	0.0446
305	0.0036
306	0.053
307	0.0827
308	0.5395
309	0.0
310	0.1396
311	0.1297
312	0.7615
313	0.7686
314	0.0018
315	0.0021
316	0.61
317	0.5106
318	0.0162
319	0.0056
320	0.0302
321	0.1639
322	0.0
323	0.2623
324	0.2859
325	0.0427
326	0.5759
327	0.079
328	0.6622
329	0.103
330	0.0585
331	0.1406
332	0.0039
333	0.3486
334	0.339
335	0.2915
336	0.0869
337	0.1385
338	0.4091
339	0.4058
340	0.0436
341	0.196
342	0.0056
343	0.0042
344	0.0
345	0.055
346	0.0054
347	0.0102
348	0.81
349	0.2096
350	0.0447
351	0.4676
352	0.0414
353	0.1335
354	0.018
355	0.037
356	0.0129
357	0.0657
358	0.0962
359	0.004
360	0.1436
361	0.3784
362	0.0716
363	0.0818
364	0.4754
365	0.7326
366	0.253
367	0.0221
368	0.5139
369	0.3127
370	0.0137
371	0.0
372	0.0601
373	0.3192
374	0.1083
375	0.199
376	0.0028
377	0.2662
378	0.003
379	0.0141
380	0.0
381	0.0469
382	0.3918
383	0.0141
384	0.1352
385	0.1992
386	0.0205
387	0.0561
388	0.0202
389	0.006
390	0.088
391	0.0511
392	0.3237
393	0.0508
394	0.0033
395	0.0339
396	0.3046
397	0.2727
398	0.0043
399	0.1361
400	0.2584
401	0.0115
402	0.1028
403	0.7454
404	0.0526
405	0.0522
406	0.1854
407	0.302
408	0.1118
409	0.0965
410	0.8371
411	0.2262
412	0.0971
413	0.0657
414	0.1644
415	0.181
416	0.2647
417	0.2454
418	0.1745
419	0.095
420	0.3601
421	0.0318
422	0.0561
423	0.6652
424	0.0367
425	0.2271
426	0.0205
427	0.1197
428	0.1327
429	0.3006
430	0.5951
431	0.316
432	0.0005
433	0.1377
434	0.154
435	0.0432
436	0.0471
437	0.0161
438	0.0303
439	0.0062
440	0.0504
441	0.4643
442	0.0073
443	0.0852
444	0.8341
445	0.15
446	0.1064
447	0.2437
448	0.0078
449	0.056
450	0.1116
601	0.4969
602	0.1227
603	0.2541
604	0.7571
605	0.0051
606	0.2956
607	0.2698
608	0.0307
609	0.2342
610	0.0205
611	0.1734
612	0.4238
613	0.0894
614	0.1538
615	0.0784
616	0.6659
617	0.1803
618	0.1836
619	0.5529
620	0.0446
621	0.2161
622	0.0043
623	0.3143
624	0.2057
625	0.0188
626	0.0
627	0.0119
628	0.0184
629	0.1204
630	0.5205
631	0.049
632	0.1692
633	0.437
634	0.7751
635	0.4925
636	0.321
637	0.393
638	0.013
639	0.1061
640	0.2737
641	0.2464
642	0.1001
643	0.3213
644	0.1003
645	0.5758
646	0.092
647	0.2283
648	0.3394
649	0.6591
650	0.0013
651	0.0306
652	0.3224
653	0.4583
654	0.386
655	0.0071
656	0.2723
657	0.4092
658	0.1314
659	0.0
660	0.5911
661	0.558
662	0.6529
663	0.3086
664	0.3807
665	0.1139
666	0.0119
667	0.2944
668	0.0005
669	0.1184
670	0.1147
671	0.205
673	0.2778
674	0.0951
675	0.2441
676	0.1936
677	0.8928
678	0.1537
679	0.8249
680	0.056
681	0.392
682	0.1358
683	0.0232
684	0.038
685	0.2054
686	0.2422
687	0.1147
688	0.0819
689	0.0086
690	0.0029
691	0.2433
692	0.3542
693	0.2908
694	0.3617
695	0.2245
696	0.2249
697	0.0774
698	0.4776
699	0.2743
700	0.1005
